642280
2916264
1088826
1312258
2335078
1098125
2899335
8560636
5253525
514691
3791522
2261814
1581282
8789181
9975415
611789
748289
5420424
5168222
7124886
1648871
5891005
2220390
119953
7333486
6313158
2244467
1609154
8862539
1946280
9574991
1951401
661833
2210652
7512200
8957480
1249411
7395261
9717460
7142143
26583
4526437
9816300
4805729
4542120
7567861
5422376
9469214
9658764
9892473
2789955
2650490
4240372
4203991
3539241
4140557
4137581
9668790
184640
4818383
7927273
4843752
8143043
8354419
5642125
5649973
4912731
319467
6662231
8370892
668315
9418357
4683354
7617239
867181
3561256
1152173
9384219
3379830
6103774
6586698
916668
4519551
7740268
3329219
1189487
4122367
985319
7955773
5538736
8830640
3259447
7701528
4873668
6363243
9027847
3984685
5513236
7261633
3031736
5576405
8778905
8528113
7137504
3241177
8091971
6383542
9103406
2780223
685864
8620321
8972563
6704056
9669126
4906469
9068965
2236610
4021497
5504816
2404059
8769243
5195053
4687814
6319699
2057911
3966434
2241345
8834520
2107340
4321455
664489
8777322
8377209
2254713
2336150
1656518
9995410
7567623
6314103
6153356
7386991
6116808
8470924
7215192
8417904
2635582
6405343
5728821
760391
4524210
1738563
7254314
4691807
850382
9169984
2105329
6361012
5919373
2886171
5834326
5375175
1735294
2012911
3101406
5961530
4504750
1613500
6251289
4658455
5139434
4725811
7751315
6408328
9446238
6630092
6191764
186988
5203458
366305
4982753
7279410
8775373
8559787
4711706
7244448
3164413
6133393
9763839
8858134
4030051
7792245
4980257
2813848
4353475
7389123
1297896
5094022
6868684
6035401
9036942
8335135
9573768
2049961
9246134
2216724
8105327
1174559
2455841
3395080
1875381
2896440
3884547
8421677
2464891
8250974
480117
9357674
8950140
6609641
7691693
2196411
3140465
1990709
3379506
5132643
321419
3721962
9359847
3082313
5772023
7601962
8119692
9496091
4895674
9999123
766623
3440989
1115311
413286
8550569
7608271
7156858
3345716
9972657
8318266
9128332
3459508
6586966
1789724
6277678
5489477
989536
2058040
4226756
3290884
6516980
3096297
7866664
6249965
7858991
9401230
4093761
1932584
9768450
855847
9769135
2767297
2432214
9202240
8428492
9281354
9872436
7845599
7516240
6866125
8189072
5834988
7964509
1689730
6825103
7078376
4640701
6062934
5049996
1242061
9655552
5627379
993517
1494228
7310731
4191047
5518534
1499963
979628
1231251
1132367
9806534
8072179
6818559
9133360
8516693
6327190
1255351
1466550
6757452
8274140
6055182
7829371
66195
60791
7017710
4383890
5213953
3469021
3567638
1444650
4833616
3466359
8158646
3119721
4017589
5197727
1359172
7721623
8802271
693068
1209365
5503598
3510224
1152208
4169813
9426713
9656901
7882845
5016284
9834909
2745920
1332157
6691453
4437154
839581
843705
8607041
3783734
2456449
7337400
7132559
4682372
5427317
1118076
5864230
3509849
367278
7942485
221642
1013771
9666206
4200824
9318801
9088159
8868064
5661610
7535524
5375381
3463303
7290358
9549111
1236896
9853958
4612619
359242
2178185
9670365
4694040
3777711
9661373
4365447
3374831
1589186
2899741
9484557
9116400
9701863
8787788
5911416
3581968
263881
5901753
8246527
9741502
6550035
7095432
1647972
4098017
6824238
1577192
1856297
1508935
5951260
3533106
3561743
4393473
4753009
975658
9710303
5415974
5202497
3830212
3409273
145610
5562237
9558738
6927449
2829684
6006879
2536457
2017049
2152110
7728202
4243338
8465434
9036485
1843258
6431640
8125188
328253
8414041
7907919
2460197
2357312
6661222
8346503
266935
6498755
7336461
8561232
6712875
7047901
1087143
8521646
3638913
9775491
9581959
2499574
9533380
3485218
5020667
6882254
9232791
9805657
6345532
5509717
3571555
5940925
2927954
8021568
7256217
6348242
9181364
2813636
3302352
8205652
8284973
3719908
8974627
9563746
3844356
4889617
750821
6666876
6057782
9790746
8045459
3974756
3647233
2481601
5842425
4761458
2346791
8073976
4914690
5637259
8002004
8856996
904472
4210181
5939122
5086244
594988
9641834
9077018
2145081
748105
9852248
4964064
7579797
9679327
290466
2990203
2977576
8084210
3008207
5770527
4947839
915008
8190032
2159976
7098308
9147907
6341226
2497084
9461253
1930906
4161753
8742314
8690570
4195402
9140882
2035711
537382
3321645
6701101
1018520
1696673
2490030
6953013
7543863
8830289
7634306
3585170
8087250
718598
729656
9941668
4897492
1182840
829792
6077981
4860727
4265281
3808668
2330743
8640122
3050155
5019828
3188919
8104283
4401673
2155189
590338
4516122
8726529
4014426
8766952
9023590
4398023
9989829
4245611
764779
4655023
5173040
9085707
4816377
2808409
577610
6275868
3196691
4854225
4664250
7260526
3885868
8394572
8257802
987534
165308
7024825
638557
537713
2737732
6040352
8906394
4810762
4371129
6472899
4811472
1687387
4214122
9232580
6478247
4965460
6608954
9334651
7013447
4526628
1224144
343528
4680698
3327483
4080100
5971251
6988923
6777375
4894065
1076505
7673736
3878160
2265841
6357328
1279275
9090950
6992688
8899639
478098
5425039
9175659
5565222
8662446
5488565
4159287
8503949
1485768
9776890
5495641
534122
6580551
4721525
5824532
6668550
3764569
2316793
2134310
3684966
9184927
5253496
4972440
5302722
1751653
5895695
2723407
4598340
5841660
9913619
5784680
9981160
158927
487635
1380986
6530823
5895026
8044741
8225152
3381598
5065845
7786780
4500368
375621
5431819
2823892
2689972
7486768
9472674
2502727
9843727
4319270
754569
1439586
8145998
4636111
2177602
4590301
5362778
9298836
3619751
8765432
5122575
3448304
103294
2823153
1275783
221344
1108607
870396
7339647
7486895
6232653
8488190
120062
6426987
3544970
3321584
5714535
5672819
8527128
2653226
5245202
7962774
1163012
5599559
5402103
9319618
3826474
3281458
4431881
7997519
7222220
1797048
2559552
2463790
5474675
8112028
233118
3602626
3745984
8089577
8406250
2943483
6757617
5711701
7040088
5120048
3657212
276499
5945261
3199991
5144597
5499463
2994695
5879161
2847323
655531
2196602
742920
5624974
5694263
5733651
7270247
3781104
5020642
9508827
5949159
9499137
9980740
3275704
5015499
930613
6959702
4133942
3864868
9411094
1851516
3852796
8274301
3434980
6191578
5939697
7887930
7173117
9414216
8546225
2801963
9751308
3577673
5877200
6581900
2589931
7980406
1532195
3322306
7346094
2211573
4433855
3720560
7621485
9476632
4211003
183862
5970189
4294789
7826100
8029396
979684
3045805
7960003
6511024
5362281
8108342
3390146
3170877
1157255
5669817
5657771
4640442
8945425
2763675
9962543
8952752
4361092
9187643
176241
7037661
6352479
6206530
9508915
6377638
7450955
4337758
316703
5602172
5721853
8652642
308710
4748806
1691359
3071626
4289115
431870
2925388
8096384
5697093
6271631
9840604
2977060
2879904
8996709
2394767
6218194
8556424
9845885
6532198
8653443
5595036
2005962
5873393
3846155
2129082
8187245
2497509
3776208
5134313
1729521
8675254
15375
1726742
9639843
3027914
6695082
8728077
2603705
2911412
3738216
6481191
1539381
1096579
8250726
9895721
8538895
1510829
6646206
6605288
9617688
2172608
7833579
9089049
1484814
4467345
263368
1324017
1674686
9649347
6612854
6300978
2599721
9816547
7532679
6593157
7812163
4356766
8459333
7499989
4890715
2394063
4560347
3504044
1619399
3679402
5000955
4059719
5394894
2230823
7312457
4898904
6034393
6419662
5328302
8623526
2930456
8824018
1320168
7208513
4220683
4934635
4712352
2971993
4200264
1549505
8976112
2864792
7156722
8062576
3875710
1652475
9369608
4396626
4527133
1745688
330944
6520828
8374920
6263534
4182365
534762
4055642
8372235
38463
4845143
1135919
6438565
7420218
5520121
6865720
9034758
3677182
5784647
4704329
9963267
5028513
2467416
5397852
5489042
2816065
5225455
5401823
4095688
5150691
4357444
3400308
3334363
485736
5154572
9764890
6315318
1055969
6076627
7493917
5696812
8456168
9289772
3617035
32620
7711216
3324213
552934
1163857
3258216
3233664
1108041
6819153
144062
9822930
6543578
7533810
2143480
3322100
1520123
6283683
4576876
912015
1171740
4883713
3856607
3136947
3384738
6271825
3285624
303361
7236692
9322065
1331195
8520677
5506707
8671635
2689731
1417467
7881905
7316859
6844816
6100206
7836941
475576
7520709
4510596
7501366
4298560
4718653
8526266
6526973
8780409
1864458
4329045
654087
7841699
5642621
6293359
6670435
2418906
9502151
2796283
4043377
9128179
6832534
2146987
3581386
4602546
367253
8110601
8561844
7233891
2860282
4379875
9700755
7272157
9129463
3924354
4905010
1924755
5035135
2431928
9537691
4484859
9837485
1796597
9200626
3872957
9356104
1174871
5049607
3768040
8648667
10703
7759986
1897114
7293312
3131115
127477
891489
9452348
5315051
2917342
8603788
3371335
7101558
9630072
9007862
3149384
5318958
9095645
3428467
7806639
5870630
9915298
5473910
758203
3450336
4176011
945164
7978590
2913794
8704165
7981879
2705011
8322010
6626922
2652788
9596358
6701228
6362571
8948979
492277
9029695
7168340
5367518
1518411
4286548
3238679
1016736
5594831
4493431
298890
4219675
8806817
5369764
2226366
8507302
132945
9441503
5418105
3422524
6789154
6305871
1988520
6432165
220354
5849291
3192422
1103664
2381417
6803978
6083757
2834925
4509097
936830
5135663
8416713
5141929
5226992
6109934
709631
3188551
547424
1811651
4605839
7073942
7399360
4898923
9189086
747807
2846114
9578351
7444617
3664136
8236165
9686156
3733670
1944833
8542032
2348663
3807507
5412422
1796497
4394212
1891952
8038786
4517168
4133275
1189655
9035536
4084763
1788113
8496824
3979139
8486559
1762617
5604883
6673787
5122907
1487771
690815
2799356
139502
5239950
6776311
6614229
7351420
6742789
9869064
4299684
7364492
420763
4115390
4105488
9511027
2791506
4161831
59893
1714722
679119
388303
9544969
5851432
1143966
2014530
5115301
3372422
1908038
1302552
3961792
2512169
8948303
4405881
2580037
2361091
6852497
1127018
4764408
6537914
4074722
9680082
4495432
6391120
6478995
888759
9387475
1979161
1338679
4730519
4616351
8812363
2056759
4366636
1632321
3023239
2490145
6112700
4659934
2250230
4300584
7701040
1913088
1887771
625620
3931757
5437405
6343496
2714688
6075887
738187
402556
6186623
1573954
5358031
2107851
4081808
2516211
1726749
9224239
2607088
6296793
9033520
330590
9563819
6255976
3445667
8293107
3087763
7653714
4734177
4400737
345724
792594
7868790
8054325
5630794
9927132
8507217
4336547
3671257
5952511
4430361
8372890
9037230
6594264
8031217
216093
5912517
7256067
5699298
8996486
3094682
5894633
5522289
3901796
6085607
9058912
9215837
5720425
5874625
4437763
2370817
7999598
4963326
3723421
2470050
5533342
2879165
9265518
5374771
5422121
4912213
2081692
8369269
2921614
8944508
9157008
4267545
5183074
9413967
2599045
7277999
7660889
2745546
9244783
5155255
5073541
7611715
180694
4684663
4877553
9253194
6017001
6600433
6795108
3400960
5145420
7482314
9391895
4363082
8372608
4608844
6704728
3703052
1394386
1104412
7705602
5013698
2163012
876449
3369956
1945228
6723127
7131202
4486093
2469230
568950
2659572
274760
3810097
2952542
5406120
2636364
4732239
3578217
826362
7524050
5936305
5055615
8610698
5174333
9232481
4148737
8844850
3840654
877952
2245833
2547212
344730
3655210
9796876
1996936
1382605
4699277
3102654
4581203
2120542
6785598
4045967
8123881
6502324
1585886
5222701
2586253
4381653
9778142
8484534
6986021
8869820
901126
2201954
1022143
9856887
5538627
821520
2252052
3739216
3742165
1881689
8167543
2238074
6311173
3109377
9724668
2162697
6733769
4696952
3988581
5774539
994516
3501518
9662995
4495411
9666507
5594002
6640840
5443976
7002340
8510072
7350885
1440295
3750883
7720005
6112572
3178764
5038920
7954341
9733537
9452633
5591985
1202372
7723879
2903070
4763397
6239232
5342661
5649988
2521484
7319050
315459
2257594
5962623
7935008
5282
9949166
4769209
8629252
8374622
4706992
1448633
4339636
4354786
4300706
1166733
5654240
4141483
742686
2859502
151577
4892741
5948557
9943516
7826343
3808043
1677248
5886955
9370892
4632822
1227407
3045848
9353643
4362677
5164693
7919135
8532786
8062963
7345207
5467296
3442983
3381185
9067471
701173
3970735
3313121
6117848
2481242
3613618
6832217
7109999
2419264
9722117
8507136
3617908
8429793
3041161
9570756
1035432
6506017
2976708
8709830
5262368
4694135
2455465
810418
7227750
4395314
6656780
9865141
1922936
84300
4850580
7111575
9112579
814728
5686158
6169765
9317604
4802258
5934016
6280908
6797398
8883273
5856874
8892110
707365
678585
9204593
3965973
289271
1576314
5725934
5695664
7583980
794110
37274
1304109
5806525
576696
2802470
1533720
6360709
6896201
4728303
5038276
268470
9378510
8698495
1643293
3089266
1123794
1950285
77600
8407008
9203293
9749806
5385488
6971336
4944080
3993291
8953906
6664919
2367844
381344
6623061
7597129
8110751
7400371
2037003
5428978
1685487
8669801
9004750
8941647
7619446
3953565
4537254
4996848
1650938
7881370
759708
2526688
1296327
5054489
5045361
4274083
6528856
8530887
1917934
2550579
8036273
1565473
7310483
3802952
9423799
1357267
577584
8188336
116434
4455397
8424739
7119715
9586263
8003841
2077228
9106377
6377906
3329236
9771633
8734129
546197
4545272
6130967
4677564
4593322
1447171
3299545
3510853
5776640
8411531
6025679
2109323
8735882
9231491
9522128
4549091
1969778
3792041
8050762
5958062
4215207
449295
5659048
3229228
6502505
7656951
782334
4886147
1755229
4594656
3050426
2759413
2773152
4440768
1403036
1764725
6065564
4013835
6208714
3135287
402633
9794225
1219400
8701772
7229278
4588603
7589670
1543872
964378
8951802
9056133
3772504
6931562
3177165
3618360
8049086
1612519
3087473
1620418
1673095
2554644
9057294
2458995
8504079
5451878
9001254
5608754
9447678
2742429
4868446
2318047
1896100
9171161
3942254
4615704
9439085
6136760
4733515
6421945
3445294
2208091
8128690
5303786
3578733
5922314
5583254
7290534
7773036
7869911
9102085
3781881
2538044
5797715
8816174
9791893
8705798
3697542
7347018
7742862
7702457
4954227
7579087
8454010
9807603
5914965
5348559
9269236
2996821
7142814
2082473
3413062
7145459
2883955
6992590
8625970
8108847
2186087
3605693
6592244
1528558
5915117
1588703
4348875
5399572
5992186
7642314
7406864
5793668
4053798
9577051
8138176
2518782
1331157
2403558
9106241
7023399
9019025
2580610
6799206
1210227
9348166
5889596
7304849
129738
7713777
6304825
5457694
5154397
9527327
2015693
7786388
6043705
298154
4257721
5295320
8399912
3404740
2479019
4501895
6168698
5710480
9482673
314025
2815443
6426828
6657740
3205789
6869348
430831
8387080
1053682
4258000
2972279
6856199
928544
2224113
8186644
5079597
9275253
4378884
6563913
7519681
7034810
5053903
8094878
3113529
6339117
4292935
5499372
9027876
7871734
8763714
2303766
3207322
1702002
9143034
4993134
1786420
6386079
3135079
2330871
2641910
2086263
2569789
8057353
9182606
3858647
9389842
8444225
9718486
883597
6998085
2534749
7399903
8672284
3103658
6119392
6977865
4239164
5302574
9756467
1011852
6719927
2467768
2086100
7446183
853414
568643
7310028
7665980
8661570
1599130
3196267
6412383
3150840
5886284
7343683
1880946
2670133
6524757
6224627
5397260
9979073
9496883
5529337
3338887
9841527
5973577
300166
1093934
8042773
3914571
5375615
1610284
156422
6675766
4468850
3332106
4078540
4586621
624445
2842595
7033471
4853833
431326
9093846
2061470
7734470
4327823
6514877
932107
9784033
2103921
9607209
8264754
427720
9235889
5730010
5174810
8285385
1052646
3633750
1441077
7265834
8111671
9379818
1889787
1670809
7425602
6747993
655740
2387201
7084360
3834275
1359704
5663674
8310494
2483926
8796772
1207137
1569202
9628546
3125042
39951
9231333
632506
5757255
4684685
7892466
6713923
6658082
7891623
5049662
4412659
2217170
953133
7821124
7287555
1316264
5170449
1210682
5083094
2105525
3257466
2302875
9538279
6038328
2927744
6793808
784088
5645216
1083907
287120
6776018
701184
4011140
6958024
3838649
8944307
4286797
288250
42083
9520274
5414537
891336
8500369
2029430
88492
9907045
6669252
2599849
4006638
3754650
589960
2832774
3086387
9412623
5608
4600150
5960954
7015559
9548006
9329906
1734660
6458561
4942293
2992891
9077866
1407913
848557
4209840
1527272
5520864
265344
3692409
292248
9419844
2308661
4903450
6447549
4646324
5330374
4733926
6919756
617601
535931
7745427
7924560
2303005
7416664
8462105
715663
9878208
6144053
4874682
5703438
2980650
7544337
556269
2214064
2389791
7777560
7918670
1892161
2001190
7302276
2785565
1405955
9228106
3539729
3923135
4189242
4001492
7661509
6919066
1072714
4199609
5640998
7284005
7751779
36123
8905089
9762387
83041
1320278
7639059
9407564
8509785
905253
5597021
3519124
4247498
5083760
484832
3678126
5422731
100647
2409577
9430153
8500940
2018177
1997487
1793484
6582972
8104914
9308612
2567779
476968
8319357
7040880
5785222
9139471
1899328
5863916
9349835
6362085
8182589
1835844
6157763
4758778
4532116
3238101
1220136
8473419
4258948
2105270
2787037
4983919
7616012
8464228
7462367
7000590
272363
1917882
653738
71805
4229404
6819054
1960186
254020
1626761
6362267
5794676
8671646
4311695
3718722
5566065
3223567
4496065
5698781
7749076
8318988
6792077
2760835
1138535
4723855
5993581
2813737
3751675
1939478
1236442
3055137
1598637
7514104
9778610
3962834
1069674
3755193
3855630
7718722
7481824
5153396
3158749
7313373
4456309
553716
7527270
2729947
5313838
7342354
3564940
6187444
8405368
1991662
9632893
8838273
2226376
7994403
9889947
2563593
362511
6355770
576629
3672852
5381580
5065308
3551421
508845
8053961
7012359
4601571
2450405
1734403
7295672
2931988
9182009
5199402
2446156
5360393
844561
2841198
1495947
1747664
6846256
6468475
5471703
9763553
8577775
2391999
1396961
1103134
1421064
9639959
4484271
5276880
392791
3301954
8752690
2544862
4084050
2551729
6779967
6556322
2220426
6428465
9821417
9281657
4219932
6414472
5867719
1311999
8442315
3172377
1594835
4119059
1337533
9245418
3178693
6018003
9155310
60663
4668137
3156833
2593730
2527793
4597220
131002
105531
9328871
538026
5412988
2293827
9741701
2391854
2811519
9023890
8053762
5099135
8453908
4067307
11085
3550570
6286861
4964157
6793950
7822707
5598397
884293
9124294
5230570
2426850
2468743
6558598
3388224
716403
7459723
9381118
9862092
9429098
8410019
4697740
4997496
245090
2211541
3199102
8700040
3077008
9938279
1071765
3390229
9288419
1644355
8130142
103259
2951964
6584577
794938
7015414
4858853
8039069
2495466
6893791
3753625
2374734
8139760
3867705
2184302
1099173
5905845
9998688
9557879
3096996
5108564
2669104
7569399
2406025
8620793
8958981
2141424
1755025
6496524
8183804
3670143
1840015
5629450
9711778
5494412
5765278
1538099
1983662
9616976
3571297
8995052
8019977
7876963
4100560
5215794
3020279
7320312
448074
2343270
8288827
6085663
4493587
6798840
9774476
4984889
7673048
9411149
735634
2215148
7545832
9240482
5554977
6938822
5467737
3040214
3177132
4086987
4460183
5041274
8087192
8982870
4897744
5384719
4092720
5228570
9948132
3938789
4155378
6836137
7266925
4118179
5650537
977070
9009492
1695608
3407850
3446220
88994
4272993
9733560
7080392
3890314
1075708
6503830
3115106
2719125
207273
7221287
9714770
1762539
1189563
3308303
450762
3442093
3922158
9820613
2203834
8439647
5233299
7401866
4738760
4857943
7990499
3720683
227124
9095364
4130159
2559306
6584061
9704922
8065197
8079557
6264555
2744414
6150731
9735624
4933311
542367
9166269
2865236
9124749
7404585
6034837
6520447
8733566
3838162
9160045
1213443
300095
9069934
3689037
1239600
9986174
378546
6032928
2533197
5943129
1799978
6696399
5610752
1201641
7677546
8021404
6718058
346001
9703812
4287598
5252375
2279838
8330816
8475602
6720981
8323170
8755069
4893838
5981567
8159927
9725741
9748286
1038523
8573957
4892649
6757126
8365766
4108221
4406856
1492105
2494897
7068661
5428343
4307557
9919643
8430930
7832345
439777
1242958
1355481
1127058
2238575
6651487
8308517
3552117
2226823
8477850
5627508
6005846
272462
4370829
5781094
965810
4825743
6536184
5826364
4293008
1957603
5457332
2389170
9895722
348654
1781232
4053588
4731392
3688445
1348988
1861439
3726171
8188358
2504351
140870
6863136
5383067
368248
9418845
4851536
2842991
7156613
7988149
6695929
5821765
7932900
9931020
2123331
4719679
8183165
3394116
9220342
9483675
5434180
8545712
9761887
4776652
5409190
3112306
8189415
5397563
1833894
5240065
6957387
6642782
6298516
677322
3249348
6553064
5064121
6379111
9266201
3745031
8545430
928641
9133037
7691700
9741796
2404623
386141
7319746
7350219
7799965
1365012
6096575
7211797
5313519
4792604
2481396
9963977
1650601
7887739
1268122
28169
146259
5468494
762284
7404633
9942727
635650
4737766
3343873
6450747
4761383
8314316
7391947
203728
2112582
9235561
5504313
5769121
1396191
9214243
6142742
3340131
4094000
7805817
1551186
6084693
806129
495213
3779329
380737
5232695
8114710
698808
9252510
2378207
1135054
5030628
5549066
9181069
210287
6129161
8780000
7119286
8301515
3164246
1231986
3816029
1180791
2135546
1895171
7000166
280907
4057790
597110
2488716
5679037
4192828
6242616
4923325
5644567
8306385
1533808
1682664
7769168
4945283
5435644
4287982
6100464
9817261
7606442
138079
761369
187289
1014559
8294879
5440282
2857111
2370570
247653
7154646
5829814
3941286
5307258
4996751
8847218
7573720
3072418
2824083
836457
8761139
6674046
1741196
7475404
5440693
64637
121818
7594155
178070
1886068
2507502
6802724
2332998
9920577
1753743
8525591
1002215
7128895
7138849
7974929
6207481
6243389
1834702
1343205
3888693
6994525
3247770
4352536
4538454
4023599
6727471
1007812
5862145
3496948
4663937
5893081
8027293
8069605
7770080
8291714
4935119
1223393
3503732
6247146
81256
5178574
6066130
7796373
2135407
3662733
2787519
312985
8248983
4837836
5932401
167239
8270686
5636759
7816789
6572986
4579185
2423393
6832985
6255230
9270939
916941
7302123
1672887
8188782
293915
9112315
9696601
1628066
2557698
4819592
1237868
4061973
5754999
6311246
1974098
8359363
5543578
2816039
4506179
5802411
5050302
669888
5413179
6818983
6190195
8303211
1037355
1863703
4971351
1095570
3870581
6673664
8150417
7164225
632289
3620045
2912548
9954657
8130520
7531174
5165555
7294570
1237228
5920864
3422266
1638920
2187696
496672
9709217
8915193
2308772
6052497
5612408
8566106
5417025
1072207
1565087
7395442
1073638
7310637
6096625
1286980
6112992
4374394
5415302
8970269
2126524
496825
3900215
2486901
8599867
7573059
8856265
8789833
2239280
710986
4603203
893407
6926200
9590228
6188947
3804244
1815357
227456
8968253
3689940
3634472
2208545
9932120
6940059
4339342
5079046
7865502
5146850
5182436
4395447
780856
7976716
3998181
419573
1232109
9835350
5459025
4526591
2844172
1436309
7446850
968647
2851214
6728574
6191866
5389574
494527
2371618
5618164
1964772
8616177
4761409
7990236
9871980
564076
8928627
6666832
345207
6058534
1217321
2793637
8736238
5805553
1141965
9018686
9887962
3060202
785166
8343535
9957248
2802176
8646418
6812613
6343655
8639061
4637202
5596308
3842949
692960
5621774
7434357
4331986
2745842
8178093
4907822
10930
9121435
8094493
5084206
6890960
2320429
5686823
4804555
250021
4147571
6859192
9666075
8623208
4751763
4198954
5814275
4033336
2368086
1689208
7843895
1627177
5708826
6523342
477414
2522714
5045115
2765108
5292986
3825932
2040493
1130813
2734334
2733036
3189714
9013797
8278442
3807308
5723348
3439918
6207184
4069751
506702
48100
7733136
6819919
4435790
618985
3891317
599130
4082126
6705946
3624218
5736720
2249022
8379115
3114943
5519468
8366705
5689280
4082975
2504544
4991779
8997120
4979952
1143256
7814421
4472300
4799041
3161854
9392240
2906732
2009864
8336361
2463354
6626633
4875903
9626952
9365155
8067448
1491810
9453494
1604299
1422766
2772314
3887197
6507701
8466522
1088836
8554989
6960187
6691933
8846043
462854
5663054
3281499
1789534
9406126
3857356
5427972
2915890
6687028
9776484
6286944
9046979
7566774
6041690
4215831
4815240
4131386
8164662
9149510
6088585
8581799
9231990
3121422
8607397
6199182
1967400
3012116
9395048
8903539
2732693
9318342
7241070
4837050
6092765
1466703
6156273
6163659
3837996
2764706
6203193
3835491
2755523
5829295
1226938
9228340
8168677
3373064
5963639
4119782
1664325
7674419
1039009
4917089
6029182
1969785
1319298
8444279
8858701
7513555
9939014
9783973
1857483
6712600
1775572
3681531
5616045
3984907
9167675
5732766
7904523
7576621
869777
8416042
8636413
8200796
3280224
4892563
7064729
8194080
2995469
3499467
2835882
1904742
8814472
5899957
2323079
3368750
4320530
4425045
6539047
5160808
4935086
89816
8536091
5868480
9891890
5841312
5572090
1835819
2633610
9730149
7014267
2405114
39577
6650612
5336605
2536843
5012537
7076427
7083409
8964677
4869427
326345
9106883
7195277
183401
1593464
2570369
3083360
3913599
7004189
8063038
1506610
2851687
2707165
8790748
3257022
6287087
2994762
4609828
2644452
2156055
3089943
1027415
4284256
7832464
2458087
9312727
7531744
8089319
7713167
7341932
5960092
5216733
6090175
6640451
7283272
4378589
3954178
4733505
3174778
6427919
1670731
6342331
760783
7692453
1818179
1211604
5343280
4300064
6691781
2158586
8531301
9439249
9913082
7531223
1380556
4543973
9841306
4140509
783188
2706275
5888342
5440685
3582910
2404455
509063
3648585
6512188
2616354
8251544
8768922
8497899
142763
1097008
9581159
5252778
9302443
6808358
2805349
6565187
1176941
4908821
6131747
8833452
8783751
9216542
905261
5267923
7818292
6168937
8809091
3690706
7205390
9054644
8152982
4501125
8898518
6431003
2152046
8087904
4817834
2130813
4045344
6348017
9660231
3412784
3933086
3108123
7372046
565508
8337551
9805544
3514712
6586691
6133233
562881
1993519
8337507
752919
8469681
3647484
5333451
6001970
3532108
4820267
147144
6478678
6398035
9061700
4399674
19723
7503130
2389199
1148995
8716455
6276284
1005549
4282374
9598829
2827979
6747758
4215318
9979954
4986691
4725209
48072
1728859
7778576
9342453
2993786
3160790
5350231
6611731
1423829
9754057
1424007
1772334
6487658
3463069
7203783
900437
3647267
5341844
2875535
5616230
3166932
2729037
4050551
5760239
362344
1580084
8329967
8692452
3845339
8057117
8674756
6640944
9706867
3820091
5653312
5999451
7458990
8050018
9627090
4044053
4411329
131208
1220658
8226680
7043397
9312805
4017228
302556
8929061
6424916
6046519
7732472
319880
1332988
7209180
1481681
4871375
1694376
9616634
1957984
1236829
8060245
8736232
7914610
7861875
1292620
6199745
2459988
1590864
5054531
7118670
8457859
6835007
1007452
929964
9370606
9604151
9827277
2502955
4399820
5234247
4906956
2627779
9250374
7294403
7333008
722675
6594660
8688854
1238488
7015035
8946711
7423747
1694003
6226549
4531483
1581356
1256006
6085953
2226337
9406624
6264361
3511955
7062056
107017
1226258
1346886
1091979
3056720
4829738
6103086
2994851
4982523
4691666
8607473
3201504
9086612
6649997
5108202
3558924
7443911
4675380
3634681
7008818
4061807
9778165
2392769
4287478
362933
1437352
5466076
7860899
4837615
4736008
3286244
3641017
8696284
7401801
3481398
4948040
9354639
9526800
7796100
6541326
7570828
7799683
3673168
7407101
7277791
5306812
3347939
8064337
6718371
6951392
9008429
916061
2638439
9925772
2422711
6531390
436564
8387061
977743
4292743
7978240
8183573
977454
1256807
998913
2874609
6834472
1153623
2853187
1276973
5887882
1876603
3176859
7557926
6362537
9960156
3635915
7002185
7894610
3816952
1225042
543018
4014356
4281428
9614529
5456502
1931512
3429787
5299372
2046470
4050069
6896766
331368
8549556
8967719
1001694
1714544
989268
4482471
2279029
7955131
399181
5940424
7578373
9983621
2521416
9628394
3210872
4520470
9964719
6604491
887648
2378009
5422622
1015069
4970441
2040232
5978221
4922514
7171533
6368438
1535520
9522820
5536644
7926809
5533307
2726462
7644991
3185335
2118476
8662754
7738428
6106302
8554347
3742904
2125579
8968286
148669
7313210
1493516
2926426
7646220
1557827
7026320
7300444
208412
1302250
5027195
9881534
2877733
6548423
960681
8663462
4705997
1872517
5029108
1053095
7495735
6182464
8171590
1062412
5285120
9731114
6632719
628471
2878739
5273500
1789276
6168309
5219020
4430039
3353712
6033152
1367117
6733952
7533075
3099266
8618472
63406
6308599
9807935
5164115
9272086
7074862
5877617
3705554
4886977
9857551
359500
789882
8622592
8264530
4855980
4286425
5263002
9286084
8731223
719850
2567421
9396437
4467026
7767384
2410358
253840
8379713
8410824
1588311
756092
768243
6721498
7356469
4580849
207168
5371168
876346
4247273
5996124
5717722
2993405
2483563
2663869
2278566
2488167
2170229
9984368
4131111
36481
1985553
5819866
227459
2354453
4628513
7056847
247497
4759123
9055729
2741115
7689825
2498275
4344066
6743485
5219990
8850183
278703
2830307
8257007
9751098
7849940
5843759
8515891
6645345
5622899
6729478
9537734
8418126
732349
6350360
2705865
3489484
9846547
6278223
4490275
3326134
2191503
5517136
4355865
7253474
9880721
959063
5154980
4233127
8389806
8370552
3504000
6861518
2485252
7005711
8645749
9040237
1047153
9614333
5279855
4602609
7207955
615102
1046885
9560091
1174618
9381713
1457952
5572231
9588511
4735137
1792356
4886770
94526
6399551
1824826
7214717
7556754
2712339
7469549
1901427
1128711
695345
5453553
3417358
5406411
8426941
6266195
6064299
3196740
3287404
1274163
5326313
1336363
336050
8176532
6961935
8254031
6081329
1709612
761780
9306110
6671429
5111019
6908369
68068
1875896
8924053
9864213
8738355
3074612
4883389
9662358
5311267
74468
1663466
6720573
5409791
7944870
2769048
875256
5568794
9831292
3474896
5884346
5322130
6457707
7677491
8018989
3149827
1301039
9538497
7416539
70013
3860269
8659103
7254876
5886037
6708501
8447385
1843619
861445
7586943
7198834
5963413
7268659
3062069
240785
6637409
7178914
8130703
2062272
7560990
5625178
635396
7146005
8446230
5689542
6083146
5687309
8413446
9712564
5539310
2424802
6568783
2210039
1277044
2124861
8737891
5735988
3172530
2451081
2224314
7438655
7188234
115683
6749909
3842642
5429422
6694482
9878742
2278499
7003861
1871889
1924807
5225405
9421107
8736369
4358941
8026294
5333483
6948272
390673
120253
669563
3587500
4408428
696501
1152210
3416690
3392694
4823922
9403090
4245034
770470
5331252
7650220
8595209
6939262
4672743
29798
4723910
3842576
8784500
7502305
4459348
153945
7454574
7919957
9588941
7434922
6946249
1295939
7447371
2293087
3502045
8163134
6830166
2467511
6719782
5814326
9077494
7218277
734698
4554478
6437595
879423
7448689
9714124
7769653
9462851
4282155
695454
9216996
7621524
3484622
5564488
6175484
3249983
125414
2136460
1002890
1342682
1762201
5123190
3230676
5528670
1274109
6646057
3878086
8083669
8162482
3205306
1598442
1164773
2097165
2217961
2540216
8648252
8355407
1241881
6451335
4536429
9681543
4781145
7961580
5823083
437832
6142589
7778813
7747315
7730177
8810936
3272528
1377860
762379
9683052
443293
3154271
9351452
1181105
2257118
616365
2472827
8229873
3776076
8361262
9320496
3685790
4807987
3639426
8294376
1609767
2023227
7240082
3367977
4442795
8288853
395437
3508104
3025966
8399462
3753472
678598
1270762
879980
3386240
7648014
7054662
9068489
6618123
5762422
8704558
7131949
1224382
4911474
8303671
6260744
5548749
7120025
1954188
2509302
911548
4550520
5027980
8655328
3133317
4898801
1021499
5272032
4848984
6118711
140263
2302552
7825546
888914
4277453
280623
8745581
9648102
3254471
1178288
676448
1358005
4068352
7598154
1641977
6244757
9091390
3332267
9769094
5100424
886071
5777541
7615400
5611211
4097203
6641357
2160569
4993947
4903968
9239533
5344042
1456218
7438415
9102630
813209
3989402
5160129
3957485
8678954
5301742
2036829
8342004
2504415
3134990
4452981
5509401
728827
7494416
190205
4602935
3688319
4482730
2353616
2949102
6854884
9030269
7162036
7289446
8479735
7452281
2797088
5511029
2819466
1780028
7652278
6665199
3500484
4027325
531896
9926334
4634262
8953917
5854645
1431133
8170500
9203839
5953573
9331311
2273364
5449823
1366888
694477
6524337
9684885
5239566
2615512
4880833
1378442
4015588
6942267
280023
4057347
6737638
8002520
9488242
3442879
9334235
1016899
9351125
6185004
6890286
9990588
1438810
6911014
4738178
6480560
8318467
3449464
4376912
2756362
2471273
2093296
1748347
6398354
8755577
4826150
9694215
1042166
2487341
5769775
7009058
9479406
4375518
5478588
502521
7526773
3892712
1337893
1753823
7281970
6768661
1132810
7446263
9211514
546855
4747705
3752327
8899845
4526020
5346314
7426997
2593016
3190054
9228430
1281677
2818617
3319603
6850145
4328828
7689359
4073500
1245638
4033896
1620520
1076796
8573297
4770093
6861321
5452885
954027
1609713
141114
5153017
7677075
1204000
8571950
5487188
2811008
740722
1938056
588919
4819994
3769738
488446
9620116
9736472
190011
8533100
1698554
1376788
6911714
5524849
2835355
1047769
7200734
8216356
2738095
9208205
1302242
462525
9830299
2807327
1316348
5758969
1146837
7669018
8873624
8471038
2493623
1248876
6015546
3190165
9360463
1210919
1167699
8523841
437998
5888343
2737564
4378649
5669683
8707249
2078633
2469222
9660410
1234530
1295267
761637
4530576
5620411
6151422
3946904
2966358
6312128
953504
4682547
4066569
9012021
4711198
5464947
8606621
2399449
5803235
1103150
5085598
6758083
4037210
8053473
6511366
767832
5315129
762096
111379
9827003
9876913
8148143
8394737
6228421
7972733
3821063
3891564
4344058
3103918
3646541
988215
3015072
2911636
8144344
591794
4895483
9525510
1515705
7589367
4995732
1693928
8144557
8555639
9755301
5568219
8247416
5479259
2122102
4304179
2865486
7257361
1870777
7989322
4603071
6812537
5849151
1030444
8757770
1371159
2111556
6042396
8815400
5148755
2329595
8543390
3484993
5464969
1081144
5863298
7457307
1667681
8971961
2506296
2203934
8330914
7441732
4223326
8736878
4226730
710805
2270935
5057830
6045447
3081855
9988982
7170803
1223943
2926961
7956801
7085567
1667932
2786435
859063
941965
7956817
81842
2370514
4695834
5094501
6069202
5107503
340947
7829106
7993081
858432
1659339
7967815
6071618
8695527
5225008
9198616
5892112
8541536
522109
1438554
8729715
8169542
1253908
8710567
8943375
8629485
9295298
2867712
5615526
9618547
493151
6615966
7423665
9351715
3289259
2555359
1479737
4705765
9154638
4455082
8214676
9079070
1542405
9341731
8079797
2979042
1739782
9295213
5632817
3275426
2840829
8434667
2681172
5719251
9763032
6101023
3264146
7203036
9434512
6511564
5045109
3807091
6721612
9307646
1837726
8821220
901422
7862770
8063381
6833778
5697915
2144579
3715132
6055075
4796473
6104849
313058
9208476
4766002
9088185
2614610
377351
5945309
2590470
1905419
2342377
4523898
5386942
8213962
8861758
8056221
9620321
3889775
3867351
8775834
6756949
979984
289941
9700342
8788084
1499668
8975045
2388600
8402076
1043379
6463777
1113146
4859813
6358345
6402648
4690470
1827310
6332987
5337574
4660235
7679761
3510841
8743789
7342808
7985333
5581674
2046523
7293928
4064005
1484434
3689341
6289444
3588672
5130296
7413296
1953494
3347599
2698729
2168289
5616887
9546474
4859806
4889946
5301443
8063992
9490095
8600431
412802
4763245
4798384
5403232
9138665
9581450
9467306
1738025
9464340
6845227
6569885
2879377
7617742
9915366
1868582
9032444
7534514
7439105
4513021
7240102
478940
831850
2092118
4460373
3437146
923223
9874065
9299790
267072
9189437
5424567
5653963
8361757
6167698
5931277
6847065
1586916
6131709
8639785
3818350
6499989
710433
1432866
7545869
3592339
2311315
9317515
6264835
3734332
105273
8387727
6496596
1371558
5745113
8997329
6192258
1012085
8790928
6628982
1769655
9067387
3876297
1037975
8039724
3844087
7320564
6571902
2256212
5320968
957138
1260442
2054658
1333820
8734008
5249450
2610110
530754
9582244
1075931
5480524
3253812
6187885
7930227
3550211
2569768
3630829
3346685
4198676
1905628
4696023
9831925
4501253
2929436
4322503
1854242
924223
9843105
9743296
6599629
404959
424324
91171
718369
5934856
8302714
8887991
6980560
8217641
9409592
5380807
7934647
839013
4844413
8146343
7631766
667083
8131409
9614382
8339075
6539103
603339
6854199
1637583
8556292
6110236
5570790
2589327
3880451
5858286
5123166
927670
5716294
276308
311136
39151
6335151
6570888
8399227
5233915
4760278
9516604
1994177
6918081
8304549
8293722
1897790
3605169
4687029
3510992
6820783
7944087
7492649
1362258
6255493
8665438
8584397
8480598
3715875
7553574
6069779
3045241
2684632
8830401
3109916
4022589
9143954
8070147
5956948
1986029
6325963
5172621
7875694
2925794
5857995
3947259
8145739
7586456
1739536
2123684
3684334
6065325
4024838
8135831
2362464
8560794
6890664
5392971
4100733
336891
7940806
471583
4834446
4332488
9549762
1055006
1351287
4283138
7784306
62857
9943256
4494847
6066782
1221505
5403749
9432075
5977687
6587621
3705522
2345360
6803066
2706152
8255819
6639961
9286303
6368587
6441162
6451945
6855423
2862860
9025424
2850960
4561414
9136271
5149045
1915840
7952452
9878031
2098434
1815235
6879392
1310433
6069782
5858879
4581453
3617612
6298252
1968654
7743410
7372574
3998218
3231409
6086828
9526723
966695
1725069
2285488
2680672
7610426
7320920
6182433
4772202
7332228
5384192
1964004
8004646
4372309
7226623
6890329
7206916
9979948
4344415
7597567
9381669
6726255
3816020
7922469
6086822
2152268
9168115
1692650
5412175
6519059
4861196
2178172
4820581
2669490
3203977
1655170
7178014
4388328
933307
4981112
1998036
5316652
9667235
3572275
9869559
3438909
2928456
6127931
7349438
7286524
8103079
3760536
4586216
6317232
9384064
4772358
26572
2452668
440198
4275256
5078361
2563694
2706384
5437781
3799776
5263951
8561042
5841458
2342977
6500117
4346721
410095
1032535
1303470
9095096
4350007
4245901
8426661
169251
1806284
8642633
1200577
537447
3428447
3114511
9620130
1523139
9272162
309794
4179732
7869861
8346766
9429273
4391022
1235711
4955549
7964007
6257524
2428987
5432352
7269873
9030158
6570607
9205569
9647959
773297
2114694
5103853
6000104
1976301
3934246
4512774
2371036
4221015
2391119
199879
6275150
2502932
5496970
3852644
4798806
7214383
5677204
8411308
2221619
6087935
2308592
2882883
7626578
443527
6637893
6158992
9149686
1476622
5547247
309074
6874299
962522
2757629
7593115
7271085
1191870
6719571
3441155
4693947
9179731
7056319
2857494
6321565
5112014
1201013
3692462
7072621
4834571
8725737
8599961
8275219
4342573
84136
1732265
3002325
4132875
3285490
4213725
5151340
9762085
9473789
5732509
4895324
8104196
4394487
9009641
8312385
3371312
2165982
2255693
6856742
8377974
1409600
9654076
8881857
4556071
7913937
2628462
2347174
4671547
571891
6116742
5569496
5987824
1577661
9797739
2058741
6758304
7048026
6143532
3725983
6587528
6337109
5137674
679236
5992028
6066888
2643288
6049504
838458
2041373
7168611
2106943
7860003
3095554
1312610
7616507
1342241
5965060
9603924
2621469
3379095
299455
281290
8298015
7159522
5612
9450635
1208499
9675649
4674302
3375051
3076428
3475736
5323602
4375282
4914507
4232205
772776
3997286
6905686
4426266
1155840
183883
1697660
9277278
2716189
6475821
5564864
9204090
2010343
7298265
6543085
3450788
2459783
3144919
2369005
5325451
7644315
7848016
1664027
2744636
3115460
6453061
2223697
7281738
3481317
1573898
8063528
2407454
3038337
9658284
8387481
7418944
1098870
73270
3902189
3114875
4107410
5303136
9674196
8822582
2806968
1209806
3724257
520291
8135266
3646823
5382978
15191
3851137
7072527
1698167
6499381
4483511
723484
3268281
1756676
8991384
4154528
8106401
6083032
185448
9496594
5517084
7447915
3633089
3216065
6364191
4471407
3273036
8097131
9504665
5494804
7348739
1325045
3896672
4484180
4537562
4369188
8423083
5503917
95778
5619430
6845278
2103482
8015173
4019709
595559
1403607
3617080
5207483
7995157
8180374
9340057
2249402
5174681
1001132
829499
1840080
8402148
134156
9407231
2824252
9139647
6561916
8732475
7865779
1697449
3897839
1312247
4018158
7818868
3834414
7883615
4257950
5743362
1748517
9268031
5620801
9948817
9281034
2197387
3011186
3625058
64216
7970931
1631134
6684726
4231258
1338647
4603977
141789
1926044
8485370
9332889
410063
5132825
9585122
1117433
6166974
7449913
3092948
5116678
7187208
8462029
861447
4943993
7851824
3024136
3427001
7271959
9319048
9015485
4437396
5220427
3501690
1835653
1773630
8496807
3082394
3620057
5862677
6690277
5323243
2069064
6422263
5708615
7071794
168802
2094969
7983597
3152721
3867407
9972265
9492917
1144192
490164
3676325
6344910
3199083
9624667
9118899
1888204
7855082
4230783
3491850
1003513
8472
1546641
6192792
7537777
7636737
9234116
8380679
2280201
1381980
2187348
2834861
6934366
6009888
9217804
1859631
9683911
8218321
6803379
865644
2364595
6364633
2832206
3112967
2379730
3808293
4970437
7328998
3623332
8696257
7399894
5477007
6774009
8011745
7723330
1719255
125542
5011408
4886622
1375572
2809230
9701460
5254796
3166729
1377935
7528017
9835893
9996660
5915599
1941838
2689231
3906021
5032537
9998827
4365329
6118442
5059956
7191233
1094561
4312848
6554340
7033491
893109
9084633
8995892
3406970
1536866
6502328
5063191
5721921
3365407
5428578
6898427
9884720
7882548
7548621
1796534
6282876
7802653
37989
1093816
3701852
7586137
7017404
3591661
5454791
1799969
6244807
9995325
7937951
732264
8699663
5143443
5829814
4092388
3713681
6314627
1347004
7151059
139483
7070430
8244041
5707248
5832374
8199150
8136270
2581696
78771
2893142
884308
1710480
5777927
244121
2074700
5032953
4493802
1480671
9890684
2220462
4415650
8991796
891469
5603388
4063443
2478738
3171627
6877713
323708
1224753
3488867
5594913
1625869
3007371
6097720
5989735
7282463
9939270
2089501
6469645
5198983
6230690
3482705
552533
5384566
5350385
5419088
1608413
7292832
3887265
3280732
3770974
9420754
278067
2024859
3087205
697423
4930559
4024482
5000191
9200244
9119495
1530114
5945952
3433092
5733819
93384
5808056
4650336
7388472
6994440
9840454
6540304
3943935
7801947
2537198
4988575
7307834
7857349
9329317
6802963
9250332
7110220
8752274
8491659
428550
4054071
6546165
1128284
2274898
6283836
3329285
4216869
2992391
7797301
9359920
1529959
1059419
3609323
8605238
1098671
2106142
2034976
8877856
2367222
3206039
4756536
2630349
7031854
2649394
9701034
153229
6954818
1550740
7552998
5839913
8178190
53946
9925856
696838
7299406
9786763
6384642
4868166
2522337
80304
2319190
8781489
5943963
2797785
6291029
9005183
9192450
4903220
361507
7604352
606556
3860974
575670
7638644
2407900
424974
8573992
3127674
2875908
3561515
2316551
8970620
9589533
2930973
2716603
434252
3135308
8459698
9412397
2257791
8764976
2541076
6766789
161489
331346
9541242
6828356
8275073
430789
1987292
899829
3256703
4536933
8358428
1861873
5109631
3936858
9194679
8234233
1809404
8491079
9123549
5110723
3964563
3220011
8985372
8930621
8230790
9354292
6857942
5024451
8631226
7069946
2569864
7392187
6591174
3913244
8927417
366174
499002
4764549
4656323
8779137
8673992
3798407
7014141
4797553
8408614
7162375
536073
1913246
7375750
6832501
3929893
8869232
4951858
7547875
8185953
3265076
5741609
2276958
4113234
3004486
7851164
2203118
8006832
5497017
9001059
2425603
6460335
9398349
5024765
3513829
3523430
312362
7252479
778722
2103992
7023823
1293980
59358
943661
3940260
5928294
1951084
2168201
2556159
8003421
965927
4223856
6632151
6236355
3580920
2943612
1782212
9084346
9024907
3040283
9114903
5643221
259077
8898028
9230924
5131906
4496942
5034767
4937284
8596147
9802169
1187636
9324000
9265153
4746504
7884717
8178075
4422806
8933361
3346931
558156
6434015
3290359
7662656
1112566
3048980
7351270
2086348
6437582
8034580
9469243
1666988
6719075
4632450
3757190
8538509
7351092
3629355
9504772
405653
9577772
9662613
3436648
7928383
9270503
8430244
4040776
6986358
9516248
6900308
9276124
5241890
7793312
3071223
3518070
6429191
2803970
9912296
4618544
9390537
6411258
9336103
6365578
7823176
1871005
3577975
1648891
4846151
7571652
94509
1831849
8697873
4853166
7220985
9158635
4637044
4683980
4725336
521728
7565728
2303970
2332399
6518839
8032405
6883341
511979
4121395
7154036
7408267
2732547
3386417
5984293
5040223
3420975
1881116
7033163
5790173
1407224
5713175
6937986
8331517
4986385
5184865
2801552
6161884
8877519
3680010
4169121
528664
6316138
2821905
2426369
3381792
5712107
355932
6722264
2574032
3966701
7480481
177533
7632510
5289190
1622012
7058721
9805601
8908275
6250764
7014241
7453420
7289946
8375198
6057920
4144550
5342446
4342292
7711506
8228610
452496
1487650
7130424
2065571
7379896
7386633
4273068
7191865
821811
7091265
4281964
5324409
5245438
5709265
6606289
5186756
822216
9324003
2071030
9352328
6202188
3732744
7862929
2001126
2788106
561673
947106
8591649
1640266
8563802
3236331
708776
8479707
6896738
5479837
4822634
3264277
481776
5114099
4916021
8645392
2166101
1627172
1738095
9766188
1534957
270963
1545739
1770925
4034046
3085142
9843160
3978853
9519931
6407820
5033356
8814320
1832118
4974363
7193814
404881
8952915
7641181
6350557
4061565
4158466
8903089
5713251
9077207
7522398
5718195
2076345
3503666
6383728
6087087
1197846
8843134
7350674
3221750
8149617
6648758
8445527
6627303
4882952
3089657
9629614
8542924
9630413
9409908
6010337
6855651
1297676
7741235
2537057
7959935
7939426
1562901
4002196
5141603
4837761
4955935
9908721
4169885
3294372
900574
7495063
2920513
4824423
2402835
1985090
3256606
502319
6935692
5254866
9597332
5596871
4627817
9684026
1914989
1368122
2069595
4857199
8270228
9676911
1800665
887399
6096756
7648759
4463944
5209982
9302825
7244853
8860224
1291486
3355051
7273711
6894356
5692163
183993
1587988
782860
4822499
8066803
1089390
718675
7736256
2525120
255883
9251398
312637
1054208
7770576
692801
7579544
1260277
1649630
7651728
5016477
4252576
8438516
4013786
4587498
8011589
7117060
7898639
1009267
9543114
1935007
8679131
278660
8897571
3210677
7397637
4062803
7410236
6230331
7147307
383156
1602066
9968890
3394304
8986685
314325
6907864
9322204
1239266
3615812
2360197
4354756
9500260
9539629
2541889
225010
1733053
5319311
738274
2280519
8397081
3091779
7506748
8436776
5320568
2158126
71951
6514890
3081597
5007912
4390856
3029417
4981843
5456464
4414876
6409881
6525894
421232
1576095
3003751
287474
3028974
5557542
7056629
488555
2799714
2586908
1831266
163483
526002
2946180
4697546
9248674
6306489
5999626
1421189
9760016
9138461
9768483
5173082
7589805
6414792
8485418
2240496
2687838
192042
893295
4484506
1983036
5303546
6640708
3135267
6553959
6726925
7354062
1156345
5043716
1033413
5031630
9284017
1529839
4043906
3439797
9162941
1035329
9940388
6133554
1493651
5408708
9165017
5308910
7416786
8651331
7984867
9847624
4649768
645830
9423810
5835774
331509
6205582
1717758
6358242
8312812
5931345
3358423
9428002
5260161
3951404
6348704
9969724
276988
7056209
2056023
5864182
5441232
121509
2537701
7422096
5886660
8179478
5285278
4339370
6851487
8530468
6534499
5800258
4124733
3916051
3370829
3180202
5967953
5806017
406013
7176126
2616227
8609937
9864385
4530695
2619219
8102539
6839974
1454069
6719039
5215654
8708481
319487
8006721
8770440
9478496
6458485
6565426
8190595
9922643
5234633
2140507
2420640
8671263
2588589
5457899
7547395
8231019
9562558
7324396
3477353
4812046
8624219
8078176
4433589
5285475
1980220
6895860
2685025
4306596
9604728
6540087
2728424
2729200
1090768
1950625
5435938
5282193
3728400
1353744
8675030
8747491
3273386
5840272
2434952
2185712
7240760
7834900
646000
5048281
3149623
444630
429433
9262379
2799908
9327002
4886582
4297283
7160
9292329
3558825
9606761
584655
4266738
8340460
2672201
6833331
821724
2460675
5568957
6964729
8631344
978597
639400
7370053
8564195
2212498
4377631
5062546
6485911
2313116
4670988
6278659
1987750
9896958
6314658
514623
2209972
3947219
5658224
3950966
7115460
5992138
9725694
2221543
8645211
5535494
5488388
2415882
7827491
2873288
1012745
6323297
8001057
1649391
3232556
5381505
5382232
7575292
7982183
895765
2745641
608302
6851503
5140158
7263364
1582844
9893805
5709295
6818979
2082020
7433539
8539395
7185779
7703252
2669444
984489
6004860
3284142
3764237
5429921
3138798
5055717
5311315
8504562
3853641
7396226
4597591
9401409
3770344
2086137
4301544
2078939
1864420
7042737
5518053
7767703
7401719
8985507
4369621
98809
3172186
252769
440552
7358398
385391
1535713
4858243
9358009
8555388
4430477
327270
8655128
1976020
2899442
7475424
4591681
5779212
2541640
5670345
6789272
7661060
625162
4613838
6397975
3993797
8589712
2917009
8008556
9181222
2936969
6238128
5824309
1705128
9969989
6000054
8964101
871957
8397527
8463671
369597
8762562
4795218
9167295
3221711
3328642
6632249
8671871
9736244
5671384
697699
1653369
6423506
7847346
7096561
4573301
6624077
5682614
3050016
7788786
8922296
9102270
2911565
8202948
1550110
296814
8187476
3071829
5937951
7209250
660559
9161702
4307524
7830173
7541928
9339124
5152394
7133536
7335207
8330538
4148731
4317182
4792114
232906
1973090
6536127
164258
3003689
6134672
277664
3846108
5829062
2664069
8703159
8566547
5647391
6480641
7510824
1387352
7845197
1020716
8475792
4907254
4039340
5845331
8762498
3286261
4252779
3499007
4532499
4474715
6351205
1871200
4676504
8713439
2303314
9908827
825297
2458299
5905524
8493652
1378591
613972
3208825
8181312
3131388
9590217
1220429
1493463
9861800
222606
1687763
2322626
7462777
489272
3164246
8716883
4633501
8605238
8386706
7689143
8372396
9743121
845089
9393439
5866674
2765445
2848021
8876960
5521785
3168505
5401181
899908
5463025
9325697
9286732
2685133
4549553
5835960
689824
3748211
8310075
5721805
8290412
9875913
2525508
6874175
3964865
9538518
2163975
3438879
5997760
4100442
4823067
3821305
9863964
9736886
310755
2340202
8205235
993408
2740452
1486790
5707122
4189741
5056788
9755629
1040956
6141141
5989369
5843541
3665065
9015694
9158027
3699501
8158419
2965323
4073669
2050434
9496238
7515990
3751455
775682
9196514
4457854
7938112
720143
149517
8136405
9245503
737443
7040548
5578742
2651235
3358920
8012788
2901794
4647838
7844151
2446458
9084442
7899613
7490523
7031328
9823076
3919501
4674209
1520214
618154
6455688
2631219
9965780
5483787
311438
4451536
7929935
4481831
4956281
7651117
8068475
7101189
1900603
5756678
1680694
8477110
1216092
3268700
2330763
5865309
8866047
978147
2922070
1495438
4561329
7110744
1395853
5774085
8228363
3557700
9658874
2033411
1917495
5511762
252788
5520535
7597049
4910420
4590989
1052913
9410837
8429339
1580165
5660384
8975276
9281209
7738471
3197058
7620493
359494
6119149
2402080
830913
4783515
2338924
316312
2305323
60123
3639793
8183955
7261968
8768807
2098013
7611234
3587909
8430754
3081326
6754641
5831672
3129231
3427183
6831082
5751794
7707488
4256754
8397188
8234867
6598256
6230542
4801495
7171711
4277108
1910464
6446237
3272135
9776417
7411297
7147895
4632231
3470691
618546
7243263
9722427
9158234
1830696
9224420
7930862
9598416
6525977
1561987
8536800
1662558
9869575
2738952
1227692
7234806
5387637
4215929
3965763
4622584
9680157
6160513
9028174
3196378
3102940
4392061
2707222
88995
9313119
4780469
9494212
83937
3948631
8756050
1135434
1832533
6202097
2838674
2334622
9128554
1115411
4922035
6840756
4410345
1663110
9787870
5693833
6538002
3606559
100925
5633876
8080975
4835794
6636782
7519541
7905879
703183
9494834
1054765
2748496
7850733
6080530
9830229
2404285
8487775
7676262
7451453
5628974
8884594
3496479
9619120
2721949
6354530
3503112
5065245
9847928
3298162
6831453
319843
4240462
2858363
7240831
6810338
6712356
3090249
8581342
125648
7944215
8467301
135989
3437034
9487937
9379747
5550407
2672132
889399
9424167
7522092
1936400
8546382
7568693
3969387
8354946
8996797
4692325
5924518
7644752
3760045
1323923
3613012
3784086
6994223
7779936
9541063
5918475
6158728
7403785
3860633
8663010
4822192
954217
6084448
6963731
9711572
3959689
3142238
7466798
5422093
6333435
9348431
4160539
3428513
5168583
709188
1077494
8187787
1393172
4403669
7597659
2463766
5582873
7049725
6980431
7408399
7957014
144961
8954101
9271130
1273329
1678475
8294237
3466740
9182474
5776955
5738480
77264
3369287
7897677
8491055
9778195
9781205
4991729
9090958
6191241
2639392
6144315
7846707
8184324
5383604
9061689
8690471
9412948
2035611
7479146
7303897
9680213
3282116
2081792
7209278
1772035
8387655
5271901
2229282
2365731
6761693
1116466
6189421
3052485
9334369
4844406
7725487
972415
3263661
113049
7672202
9167365
3819033
4137543
6387533
6654662
4998059
4660609
6740671
2267804
1745113
5142107
4166632
3131754
2419323
78744
4471514
4816155
7660049
1525416
2837893
7779670
543213
8446623
5832345
6466319
887611
8409572
800915
3524231
1566670
9888648
5457611
3814569
6112617
5528563
6469704
9283643
571423
6170943
3461386
6319091
2429588
8466713
1687013
147197
6647169
274049
7901243
4073583
6267088
2295412
9870106
637540
5935152
6582196
6340434
6400908
4785490
6284637
7302721
5052326
3160457
6786176
2039611
1335797
6585793
9945027
7222220
4568896
5829770
1782388
598823
5215883
7970970
8830736
6041160
1715638
6150602
7993571
8543259
7378737
1223080
2968327
6142193
605865
3594639
5654954
7665262
4782260
3536279
7413359
2146615
7094729
3420699
4345602
5866045
502499
6897761
1442175
7129080
2967278
2298111
5544953
7616865
4615402
8707172
4815229
7490870
7819292
3216939
9916939
1149770
5405421
4816635
3253738
6655787
7758201
9300083
8721906
3047816
9736577
1323121
9030081
4424896
9513015
8122131
1033919
1604908
1020179
5041025
9584108
444945
6773059
3838570
6750200
3201904
2333818
3776316
31679
5560626
8149885
1319035
993
9544612
764022
1498398
9251487
8687642
8745349
2610291
3276766
2737096
1004485
9136541
2129069
1927555
8334338
6688273
9230469
3589799
7610994
9738288
957150
5629682
7145142
6105865
3350416
5513315
7362607
1970173
2141541
6334598
5715615
4955158
9796011
715417
5366002
2462720
6077570
6082009
2944245
2204476
2107292
4440294
1374758
5360025
2502953
3549579
7459274
8020383
2227104
4088133
6380056
7081925
4884139
589389
1351841
6017973
1541250
1841717
4963512
371249
1379301
3068642
8401732
3991904
7488121
9730984
8544518
2706259
6932880
701356
6310287
8949293
2147393
1663656
9516399
129251
9946473
4118785
1705711
995156
687481
238393
7428588
1405766
8155860
8084115
3694707
305349
3034372
5216231
1810191
6111211
1376261
5871185
4699650
1183666
9035464
2740739
913412
6419189
4975069
51497
1577540
4901822
231657
4668910
818658
5914676
8838008
3492
4284263
784531
2168641
6613798
8912165
7883629
6868097
7835595
2041932
8544935
872224
6058028
9543061
5546287
9893770
2652374
8608140
8645347
2225176
1126846
7360293
6211398
2368267
8340132
6086073
3471659
5650230
3034127
6647097
5443648
8364709
4635365
7144930
6710374
8734578
2249511
3951061
4469846
2175511
7361909
1906712
1201999
4850192
5325929
2413144
4360412
7313108
3872401
6109548
4900427
9106418
3425614
8971837
2930210
4638208
7775684
8666582
7563539
657805
7241304
9262494
6598314
8555150
3797220
2311118
3963086
844860
1029988
9600239
3428954
4812286
7066389
6589095
5384348
8909183
6481050
3886167
5368319
1274220
9697793
3336724
1654352
1210465
1044558
6874212
5655888
1378950
8062980
1244799
2450188
2963898
39356
5458409
1141377
1973989
4244581
7063746
4809786
921113
6543324
6644671
7362898
5816532
6354383
7118564
8400921
8823992
2916952
226661
2541311
7840616
9898030
5081007
9174110
4659757
99048
7712483
4580053
729054
6654712
1715395
5265632
616912
9483096
7269569
370794
4345663
5444105
762403
1834522
94516
6382581
428791
3323880
1550588
2290102
7542398
1003465
8187901
8067466
6500969
7062391
3641419
7744371
7439866
461023
8944770
5575688
7461055
6540952
9490069
960268
7428316
292321
9424223
6077456
6355938
7356710
9252493
9575121
1879750
6216781
1416411
5677658
294995
4497951
1314937
6746445
311835
7870117
9376942
9921837
5334784
4251237
2067326
4585985
3407012
7693911
6747238
9005561
2822110
5784981
4853359
1710161
1502576
3583276
8168412
8726943
9684078
1341181
6499048
7961573
7968481
5846342
7689429
864481
6222811
9680771
9561654
6030898
1803285
6888740
3764835
7691134
831370
7765027
3381678
4364442
8928956
8601667
3355267
4682874
5456147
299799
1657627
8378891
5746673
6183080
8209063
4856061
2980014
814713
4882189
1718559
432845
75515
8663141
7126642
2957080
1709721
4045148
8253082
4861963
9200177
2205172
5044751
7487789
8630310
7355193
8323188
8760144
348010
6356601
8518605
3857324
3150041
4836214
8057880
320126
9903058
8596849
1081888
820541
3560382
7122806
3051384
7682088
5756010
2181950
2326081
3778485
5167661
6625724
2822173
1000564
6467379
4232066
9033198
5356081
2045083
6213423
1759864
2574919
4396398
4072483
8066891
8675662
4850440
5229465
4928091
4852996
2417908
496400
300312
8501421
4160600
6334244
224349
4437510
1886210
4697298
9806897
3776661
131740
7028245
3386339
2976129
8656377
3953331
5456684
6725363
9573192
1899080
8087937
6735938
7554165
2460363
6925115
20462
888951
3189357
5895329
3196687
362011
3949072
7045893
5331121
5309731
4352266
1768520
2406125
4998245
8676238
2248961
4532177
6320174
2386039
3439951
937211
9774867
7638886
4118241
8949226
5894579
343704
135333
405334
1404929
6455461
2039705
2602645
1406923
3254244
9883228
3121220
9235790
8441197
8015572
4694685
5788279
7901819
4302210
2303415
7275941
3767304
3735794
1146992
1378597
7640776
2906083
4434950
5503220
2039726
3435675
1108508
4852072
5776180
7056894
1863951
1081670
4615175
9092820
6510992
9299817
3038819
5388636
7333910
6270396
5917043
5947179
6876988
8593375
1468548
1384684
7306007
6232974
3518953
1009305
1030895
6277893
6812342
6716966
4543096
743594
270846
1765447
8583424
8298280
8051426
7890553
9713639
5963679
1629156
136974
4033173
7870381
429782
4162019
8289427
2139780
9865104
4095670
6201865
9219586
5005860
4169443
3577413
7711867
9066361
5780311
9689427
1721812
7944980
1440421
5392776
833721
865365
4469708
6904995
4317673
5037819
4401485
4096230
2821400
3442488
2794642
2882880
2015862
7316610
9843335
2768884
9489187
1592528
29017
8397603
6728704
9517108
5303501
4647593
4586984
5821052
7925842
595361
9972925
416577
6077999
769307
9926053
9813877
5397492
7702642
7346063
5508969
8598289
449340
9110982
7542981
1086695
1935415
8923304
5543598
2186336
1386482
8535613
5052815
4132710
7453331
3328778
8027491
5454014
7824490
2017977
4899993
7454057
2429260
9332292
5476704
4306856
5868761
1328369
6643691
4388981
3606474
1232910
9736155
8033618
347275
2317902
3390771
6742887
1693401
689539
9046798
5420706
9659559
8144625
4623460
5277486
4250844
5408363
7900655
8778185
2347526
6329876
7175036
9687858
2519167
496295
2876481
1849446
9934045
6508856
80914
9896557
2034967
4038942
9899287
3152020
1296111
201027
981898
7629387
73228
8446300
3495937
1759187
5054626
1305669
1629316
5501185
5976478
9518231
7216109
3465476
1286682
6230307
2768141
6796510
8967469
4267350
9163662
2234616
5329502
9496995
997451
2470243
8420114
2036190
9185947
1251489
7894583
6780811
4385962
699601
5910333
5848757
4652417
3259375
8553143
5542415
7841417
7116003
9800478
7806232
2622159
2631442
5591182
893963
7922510
4334556
131436
74382
3062505
5312282
4712335
8755735
8578269
1724796
4830031
8234317
2065458
4124774
9192060
8783763
9735836
7678910
7673736
1450745
1267517
8848621
7018326
5854042
3165870
7680413
4974000
669220
6699142
7509298
8356591
640900
1700174
58487
9225821
9707457
7854684
6717197
9672991
7291266
8787883
3374425
6683589
8876157
2307341
1273154
6766029
6763386
7077752
1191104
1598774
8549862
6472024
9513044
5724120
4191709
3101974
8854119
699482
3119642
1093304
2723498
1221895
4132485
8892956
6561249
9044876
592249
7029640
7118117
1083637
5795886
9703947
5683645
6089310
9448436
9254928
9160272
3399659
7097738
852898
173641
7513707
2416457
5376589
5405115
5668801
1156442
5403453
9422526
673435
6073296
3911575
6137886
369392
9747222
1611090
3996556
8103281
2873238
8540644
6706918
3367263
3383589
8358304
5590093
9408854
4885485
1611070
3796107
471209
9667386
2322821
3718454
457104
4773046
2030456
1912328
9420736
3010388
3869333
7855430
9205440
1023857
3936462
2577084
7958177
9011886
5923203
6901232
7666190
2478002
6963709
7663188
4821820
4065458
8540840
5190018
6000007
2783091
305015
2887347
9463096
3867345
5599789
7885399
2577518
4429972
2537463
4618646
9792640
5608975
7486577
8205251
4202395
6942357
34451
5659456
1345219
1635111
2748084
5570892
9470755
298197
6460857
181009
1791717
4918816
8061663
1067738
4211747
2361560
7510653
4117290
8571108
794919
1901342
4818448
6553820
3597076
1502422
6637227
6096260
2555381
715890
95739
612735
9665266
6446906
3012951
7736341
1879694
2609479
60250
455665
9382281
1557943
8957288
6451691
3427657
2550167
7510486
8635625
520820
2380303
5053500
895701
8563259
4678476
1899847
243328
9642620
4132510
3198734
160789
8608299
1276257
4090108
147711
5972609
5544262
9179793
3865077
5237658
6716644
9927083
9567378
1661447
9899312
4334046
8268665
6191996
9593809
270765
9682076
8193264
8633472
1104853
8562779
6354790
196535
6304460
9635495
7921870
9592948
900288
5136333
1999487
2947355
5298390
3825688
4084795
5128014
9132059
5782719
3445220
4324455
2333367
9842747
3743331
6497699
8915454
1749974
8966417
4069330
136749
6154644
9465015
7176161
1682437
9746198
1599634
3815366
6959645
3971953
9139826
4558034
1770583
5245364
3162059
9415075
6227754
600927
8257110
46020
7568205
959795
1733924
3974578
3174371
4057343
2746736
242422
4585291
6239822
7280611
987685
74187
9447126
4739871
1539007
5248982
9111274
4729593
2648189
1430233
6877825
5669965
9790926
7776389
7394929
4178525
6391045
2016339
5159662
45279
6747163
4214723
4055766
5788929
8191360
5089317
9226918
986220
223005
5431368
4184535
9263837
3744584
1482507
6968382
7648544
6460796
4400233
7492672
3767586
3167745
5227140
8900821
6257362
5339512
618056
4586964
710208
2576951
4220596
1617141
4835843
717837
8132042
5860325
3741022
5617846
4348338
6546816
9329146
7647987
9999162
3933225
38127
1101056
4231839
7149086
8675909
59305
1865266
4794706
2850666
9847681
8358890
892518
4292561
3999689
9981603
7050341
8773143
4035549
6169155
3680068
1246718
801621
2978328
3646172
8662111
3172600
4738116
431751
2364556
5779504
577042
7074635
8001943
8409845
6798641
8022734
2989967
2611158
4836338
2212958
3753764
3245869
184380
8728884
78166
6247688
37287
2775863
4421336
2813269
4832061
5405795
5896104
7429440
4949378
4773147
858537
1368950
5795739
6575681
584026
9065104
9920043
8923994
1170163
192769
7446947
9269054
4476397
5818919
8673491
7721296
7383590
9622486
1843426
2014258
7743225
3782174
5751987
8202299
9388079
4438195
1278448
752542
3923284
698526
8191320
2170835
408572
4956931
5511079
5281831
6289571
5989639
4454695
5861214
4174528
2433712
718010
5260929
9452889
7160820
5745558
3072381
715056
5986568
3860171
7537052
9405167
1439694
1910527
581450
1593123
1597184
3893237
853164
9109363
7306358
7973129
1402296
4974738
5081667
1679494
4093212
2556910
5553758
9164695
9583539
5083984
6099368
2306224
4505566
2798099
5020494
4104421
3566184
4027022
6800205
668549
2829343
1155047
5955676
6504528
2670274
6541633
5666336
3283459
6265172
6884930
7897113
3642696
9752076
9414191
9056296
992314
7390430
9132586
4800002
8433732
647086
3585112
4977568
5578043
893414
7251498
9596139
4141309
5371709
8324524
9858301
6192385
8111824
5613945
419068
6883010
576879
2143891
3820159
4316766
4730890
7484741
6665825
4196588
6291877
2865258
5265919
9848190
7842161
6068673
132404
4510691
7125859
565294
6536706
3265664
2781198
330151
6391604
8412138
4196664
8082004
7567543
6350376
5563477
9113434
6982875
1229705
4926539
7775172
3542097
962851
3817918
3617810
3797724
4794251
1055977
4306415
6244169
9683619
6001008
4750337
6002374
9244846
2920529
3447664
8799054
7639383
8626147
8530242
2395112
8508148
6702081
6810621
7658529
5818739
2261160
9760805
7200201
2270874
7653221
1866
8104861
1931904
4324195
2485473
965537
2734925
2390828
7021168
9935649
9624295
3039153
3332443
1777513
4408521
2467328
6561879
3229132
5624934
7681030
4988491
9662828
9181446
4298210
8846815
7077248
3173340
9442793
3846039
6287962
4027834
7407813
3999804
8961609
8366789
1349676
9645101
9170435
1485455
9414587
8769102
6717711
6895149
7932300
9431964
2685946
4742713
8916133
3145838
2928129
1194993
7740492
7172507
5785129
7848987
7998804
6238679
4549359
3439016
1575179
2660882
2466536
9025608
6185445
9182814
2348205
1294231
3090819
64846
9697057
5115701
135353
4467353
2476477
7460910
5556593
2279878
2950668
4186110
7814708
2799038
2631206
7710242
3970722
1336296
3631927
1925676
3175679
4489436
6020262
4203148
6954475
8941012
4280358
5328396
4085075
6810024
6915850
2664594
526198
561269
1621173
8447860
2058465
8639577
2784605
3897202
2014503
3290220
2027671
323221
6317273
1661400
4689075
5120342
966513
142268
4052481
4767877
5061246
1001275
7297164
7543617
2443564
8321076
8813867
4637836
1319352
2346584
4043387
2002336
4649691
9732241
3195868
5549350
2787159
4833391
6232366
7335755
2005428
5976393
3224604
2524137
3847354
3729381
2426218
981072
3949321
932697
9722531
5165956
6601486
9730913
5485901
666724
9359967
7256821
8624139
2494178
2000107
2094948
5862148
2378350
1965247
3253627
4603293
9003320
7595963
8806435
4899126
1326729
7194300
1667784
5149790
3616268
7722065
2208359
8187762
8774058
8367367
4762802
8018162
7124436
2109078
4299706
606716
7144446
3570383
4900616
3619606
7594922
5408659
9458852
8233866
9623363
6662017
5188923
8962026
2558430
6285053
4188881
9675322
9522266
5344775
2887372
4336740
1843203
5656061
8915028
8498157
4185335
6634598
2242256
5111180
4750455
6636465
4353502
6119058
4634814
6218053
9966569
4182638
6713056
967274
4528530
1355950
5545535
6204470
4908879
5327895
8728293
9201070
2019584
8081559
4024488
3089788
2684685
8660591
8566621
9828952
9714878
9735630
6079414
6207309
8852608
926057
1764034
5884712
4963749
8548396
8253550
7520096
3643724
6485141
8014514
2122424
5516229
779123
8310863
3489615
5525452
441671
2371137
2882331
1933309
4762975
3067256
5754899
9219739
2711677
170973
9448800
1979087
2309590
2782847
2998061
4861564
5406995
40875
2590711
7274723
2468993
6746159
4295069
8655218
8379296
2495748
742512
1053697
2139603
8064253
9317180
1094259
4914024
5067475
46952
2568256
5064919
6368921
959754
2407073
6221800
4725316
946125
8085196
6798739
2117733
7002658
5868769
5811271
2982532
7092234
5896597
860274
9738326
9702117
3916923
2162308
7951716
5169681
1781881
2853745
2404761
2625771
4811373
4836164
7262530
2015902
416080
2579657
7913984
8885606
7812347
9531340
3425061
8243748
5661696
9770082
9917755
6424965
4518548
5279927
6154709
8385450
5450753
8138524
9188631
9077244
6762993
5883068
8681439
7998694
4774147
93153
5795100
122645
2858380
6259115
4849068
9169540
5755279
2691830
5303743
1177336
2718027
8918843
8418228
4921229
9949601
2820684
2584653
1002175
8369879
6657860
1617972
3776827
9757288
6290187
8491541
9714134
1209139
1450741
7649886
9550323
1933242
2920798
9155211
9343967
1758790
7536111
1375822
690142
8006770
272889
1337857
7696414
925249
4775316
7164474
8781804
5289671
487678
4359720
6651585
9455960
5407650
1503301
1506843
6162408
553472
5868077
4397205
1918151
758685
9770275
8764787
2320802
7256072
535951
9753649
5822586
3154621
5680516
5294885
6023041
9757096
2996018
8130164
7713404
7160429
8606634
4348262
9214547
8574166
3710279
4166200
9372812
4734462
2960148
9146508
2478688
690492
7784329
8253549
7376866
337654
2869156
6917350
4070519
1287049
1315252
1779267
4757525
395455
2328178
3480316
3840170
4322639
5210773
3013710
5255353
2414726
9832490
4034072
5953334
594837
925270
5229457
5556349
3614925
9487499
918147
7539716
9407498
6595813
2887982
5172843
7010075
1218760
2120210
4215244
4254477
1745074
5972100
6445500
3287608
8080900
5045637
8220341
1231608
446561
4267096
4329980
6471913
4041826
8625845
2442462
372778
4213148
6807717
8233626
5931930
598498
7310221
1113731
8812687
2061792
3420036
3568089
9879011
6927522
1388311
7048061
1867742
7586680
6790406
7207027
3313428
3547208
3247952
2414841
7316626
7176745
7378441
9390089
7872849
5349976
9884891
1523425
623337
4097182
3688819
9742058
1784544
7365091
4153259
9190123
2434198
9545103
4929851
4539027
1032432
5273
7081880
8375352
5627029
2389906
3963044
9409216
6752608
6822434
9362422
979009
2758538
4641195
872916
1974805
1787565
6032149
8409419
1158350
3935417
513466
3080932
5490024
8232895
2602964
4716453
4421285
8164582
7209882
9078810
1499007
3722562
1057686
3914637
3657014
5709015
9573033
5083135
3647494
6414551
4747513
302681
5567674
4640425
4655409
3190884
1557548
6048339
6648044
5041993
5348217
4944514
4698462
2993073
7020791
5480591
2523287
1094598
6682827
6494990
2219440
8534879
2779830
4999742
8342928
409665
9553294
6321069
4366315
9628016
869454
8932915
518504
3364408
7396173
4666856
9069781
1857494
5349210
8588398
4753803
8966873
6427144
5014147
9178122
8886012
1353018
3990629
9692295
9291992
3460492
1683500
2980266
9018500
339493
5383449
6058392
4731391
5280290
240007
7632513
9954692
4120234
6415289
8527104
3191229
2069829
6219163
3288611
3707120
8519545
9035905
4781915
5278406
6922645
1033505
8698005
7579345
7316048
1403956
3079167
9767136
5893012
9909777
5446567
7562136
8911623
3870688
3623488
4626275
517599
4546126
6892130
2389666
6168441
5639736
8173272
4181214
6164470
6352920
8097225
2435668
9290406
8134007
8443138
3599554
2573161
6540724
6765209
789876
4632784
6107821
3576160
9016582
1915992
7212891
8936067
1235809
9986110
4638442
8987135
6490836
9171797
6523714
6119173
339966
3059071
9000927
8276053
5031979
4560916
1652252
1937466
5551169
8765857
1287667
1236611
33895
1237077
9908916
8080002
8438307
7003636
7149091
9861956
8040503
1042029
8993420
4348712
4210360
4679124
4970542
2619925
4667820
1834748
1444763
8635682
2952049
1861565
3403906
1964445
5605028
456741
1602421
8391986
5669998
7372708
5836206
8872474
5882961
9605850
4893244
4399447
9720364
4162722
47240
5702304
2573913
6671489
9285381
1498680
3058377
6600817
8787398
8691811
9027547
7299506
8056156
7833411
6620446
5833011
5372882
2783454
701739
6082453
1753137
3523934
6288253
7732835
6721363
132874
1113486
6632094
8906555
7426787
430477
2690538
4692044
7051032
3796144
607571
8087894
8982086
5314343
9045039
2076062
6443203
7648796
252141
42195
7577297
8207724
1251235
1596073
5267070
4478201
8313255
2258439
844433
7904694
51023
181611
7173186
3804814
6494507
6346120
5136940
7389876
6540585
5334208
9505193
3050060
3094930
2145084
6922240
6393534
5440179
7311753
9634485
9403062
5358943
3001063
5480485
7734460
8362190
7913378
585670
6804067
8800023
625252
6333719
4026006
748139
5191588
725215
2654227
6337267
7196985
6708165
7223372
1738392
3075246
3441534
8381379
3888774
4971424
7560080
6175323
7351765
9855248
2661944
8148007
6967161
6142364
4784468
9477532
4691799
6287936
370471
4418543
4975801
1827674
3416671
9526257
3328291
9564008
6039429
8365851
4332659
3452773
1911514
7014203
1894879
1814402
4994233
1732869
2971741
6215634
1317187
5584403
7499907
5305878
6485195
746392
7307821
1966561
6161711
1248590
9139185
1164325
838765
5191049
6380726
1194591
4513937
1027548
1271500
8160627
5394607
3877120
6113253
2009532
9202337
8017707
6899902
4345477
7585759
1798590
2055823
1096943
7088165
6152674
1502420
43178
4240468
1273999
6209574
4315651
8855
6826781
7550911
3098132
5267971
1041988
5132195
3350414
9295763
8426279
5065481
5505286
3820773
5306976
2823730
8796337
7271158
8874254
7633253
1492282
7012912
3830116
7392054
9363912
4820206
2980222
4096239
8490992
9356876
6919807
9751033
1398215
5550547
7926024
3787198
8470927
4969935
2176502
1594571
805170
5547659
3018718
2232679
557549
2381225
5911705
2934273
7343714
877169
6281558
1091839
3678445
306687
9049054
7485867
5676948
3376358
7974122
8754017
2861758
2484633
1036113
465827
2683903
7065099
4624535
3910868
7327222
9647091
5516609
6834134
7898871
3892976
2189984
5279215
718678
7992524
6571674
5946492
5652245
1426075
7265019
5874755
8049335
322957
6398792
8903576
6739199
1668468
7737747
9420651
6393656
8359385
7855190
3689571
7501566
7892050
4211662
5715956
6329089
1756675
7613069
1229152
7941063
7452592
4640426
7835316
7159614
3967306
1671876
1651067
918862
2242814
3110118
1962593
3059426
3520669
8288939
9184538
8707887
815720
5792496
8042771
4873116
6783536
7651451
4361514
3720372
4493545
7732574
8458987
3875425
9878453
1242727
8989542
5447051
5953170
8677754
3179141
8892888
4565885
7846792
2654351
1495779
655378
2642004
1285363
7546659
465745
2017830
2629515
9735392
3012844
7953044
5856137
4898306
5258213
732737
9618965
230134
8250756
1870815
4138419
8652970
8930619
8150422
1997731
8009699
8057713
4607328
7454488
7728786
8810434
7985954
5933530
3348684
2280179
6756383
8033274
7278108
2974417
7904754
1760980
1882214
4228844
6779001
6322785
2725369
2534950
1226334
4366755
4151645
2706768
1359114
8076961
2067125
3339239
6835477
104635
6499957
583668
8249634
2547533
9956891
8331189
7688158
3614519
7584153
3260912
1159366
4727382
6524131
3962713
6027159
2107816
685974
3538660
3178367
3119140
5493663
1919883
5995226
1302436
4648951
5160470
6861059
4692387
8737959
9155213
1507541
5889082
8984528
6260783
8703151
3975767
6154948
8539520
6581961
1036584
8628378
6533908
9621160
8317878
7870261
1574606
5985533
3463421
3603983
385537
7843031
2680018
6273668
5612014
5888969
4588698
5508572
4236643
8747234
4203119
4997793
1039158
2553768
874099
9255369
54480
3658947
8052999
3841621
9174522
9675452
3111772
2771644
2708965
8946642
4122186
3694617
3651664
4134711
8161542
3445135
4668898
7947815
1369645
6074801
3127901
6297432
2026869
7683314
8457932
16953
8874550
8197080
4338599
1770233
8431108
9463079
940035
4968933
1947627
5182897
5284743
8634151
5474077
4583010
6759619
1723405
9630644
2549665
9084574
218856
4331939
9828050
2102802
3524471
6676275
1258860
2184788
1762910
118059
5617355
8608450
7699511
5429978
1869771
5258613
1340341
4865431
4915969
5838844
4053403
9661631
611913
3732187
9005725
3523101
7586680
3748720
5598878
789889
8138799
2190999
9369106
8149705
363547
3008073
1328203
2314387
1966631
9609542
148921
8430713
2128477
2795277
8568485
6647015
274482
7375879
5396702
4187641
1287571
6712521
7718355
9057156
9179698
9373536
7904378
2693225
7462775
9543282
7761297
7233983
7924153
3506620
3544421
8745056
8972376
8846701
2017922
9458594
3056843
4886204
4339085
7520015
303506
9261715
5059296
5613307
9362348
3893551
6158695
7072124
7568387
1834541
8090828
4363584
5793053
4531415
2984698
8104470
1949809
8345355
6451919
3320768
9582367
2347091
8286710
8884943
3805225
2453918
2485717
6918124
5334415
5858737
9545333
9903152
756955
7378208
4931433
3059946
6817852
2435123
2925533
7093384
9861842
8978914
6623005
2562682
6255964
2220293
9213057
9386631
4885303
2413273
7657179
9396618
1752041
1631983
4524971
3769458
1503470
1046352
8359776
6058040
2227100
7596882
2334008
5274940
358792
1448933
8103829
9123806
8551259
3561098
8302289
568660
4293335
2723818
3339136
804205
5964442
2739890
3924375
7971252
2759011
1715030
1562931
6793634
3089878
3366073
7443687
9963117
566762
2658891
7802438
501761
4247103
5149237
1791130
6131550
3093737
9261728
9131079
4572249
1981412
1181133
3301302
8356795
9688675
8079250
3027777
8155571
6778901
6636529
9274285
7462412
5810935
4422069
4391338
3559529
3386333
4021117
4575127
5342491
3297846
9482969
7944247
560169
1730282
2743208
6667663
2928140
6606552
5049953
460561
3168897
7603932
3625679
7625549
1600664
5056341
2786148
3121081
760353
4553820
6380340
3264197
8769922
5669210
1030360
6035599
1292564
1981688
4589806
9077232
9968482
6714606
9836749
673736
8656761
8836091
6377738
8263361
9691644
7674776
6544956
3998693
8210805
4583302
1672269
8883171
4855403
5193057
9790316
9468242
5110697
396129
2750932
8140154
7975533
2314316
8397905
7625060
5399015
5802654
5286533
438899
2888443
1713663
814918
6765845
5742695
8605840
7090832
4889219
2044656
4250058
1477875
6391952
212190
6913413
858759
7975227
3321683
8372843
859197
6798400
7876850
1996893
9742529
1901122
4885472
4277040
5482192
2174372
8250350
5560187
9127028
9123310
1266057
4044536
9167485
6444877
6651504
3250466
4688359
2284906
8360411
460165
5710285
2436681
3153831
8518765
5406851
5500385
3845952
513337
3837774
1032448
3054687
3328412
6315515
6146097
4113499
6106781
1072653
9885340
5093471
9043170
3176128
6295528
9232057
7418785
6570096
5199252
9740953
2466860
3121160
4225063
5221936
1184342
6863342
5730454
4057524
9066771
5174339
1588607
9831996
2441778
2467462
4105396
6245109
3700426
5875458
2081187
6821951
3470608
5438628
668241
7846514
3007694
8101840
8034620
773823
1527180
3717058
3193589
678609
3898352
2740265
1717152
6486292
3831777
4823805
5960198
2390097
8018220
476020
2752800
7001500
4777456
6243812
6935418
7887054
4821835
576530
7373451
7446075
9848662
9852206
4191096
5725236
2948312
2073431
8842944
3975489
8997126
5618470
8652679
7910324
6381548
2875018
6575332
2535207
9385067
3173111
4404447
7055762
8820125
9030259
6157396
6989024
5578206
8709834
8772754
4360284
5970112
7660838
9798737
3545548
194833
5705013
5514780
1492418
2986847
4289909
3834874
2394985
3887881
3699195
2213338
1970489
3289138
5578135
2917215
1312852
8514389
394976
6657476
8332899
1895812
7969652
7205189
923436
9208246
4840600
6485205
1402181
2545533
476056
3839019
2738474
8011261
5602549
7710406
6753886
5999053
8236945
4145096
9631942
7127771
2070203
9305245
2992166
312966
9278254
6466754
8287637
8573972
3078853
2552643
7237568
3986384
6027901
6182044
7549394
328603
6107163
3712269
1553190
2340502
6451579
5679939
558362
9690811
9686227
5351428
1635484
7149311
9830768
4012809
5201578
4608900
6866876
2242824
1162108
5083634
7802819
9507775
6252531
1694957
8734208
1774547
2114763
1119754
2744830
6841444
1662882
8689242
8839422
8487287
948185
253182
4413592
463553
2173473
3464325
710551
6993730
2945650
6566896
5466184
9743361
7301101
8153484
9155561
626301
7645709
142767
8811710
1563866
5434625
727093
6987643
3201697
6432717
1912822
7994318
8834566
8684495
6836089
3432284
7504132
9884720
7961732
8822340
6420781
6369395
2249387
2152117
7919402
2874300
6686286
9361419
4159673
5697187
7717566
3664607
415441
967310
8278032
6079020
1891883
6143348
236766
4477625
1238567
4261489
4687192
4481280
1749321
2700808
4651957
258039
4168727
8967033
2358996
9488984
5513416
7934016
5169943
5772636
7124667
358250
1553524
4255290
1442656
809641
819558
1477561
5532066
7531317
3011443
9747034
818798
9440886
8094015
6438381
9608092
1561186
4803768
3027406
1831511
8028362
5447439
8392356
2730012
7388088
8976966
2926776
9989172
8169544
3997328
1789020
1556930
4903157
854199
933894
2912229
1894192
7311043
6802374
596833
7368460
2612736
1400172
7605996
6387726
383048
6651747
3574930
3271869
5900239
4812118
5489206
9064614
7985474
130627
8246828
9139762
691863
5200549
9823422
4280911
8329292
3494794
780553
4989051
7820043
5655766
8193562
3576206
3790223
7364201
9843009
9993460
7415810
5766731
2316538
4311594
8593811
1927598
7350342
3189511
8029497
3395474
2397530
1924720
8468635
4604336
2542523
2193367
6814307
6033495
2454593
5532463
5023058
4743826
2279614
8542633
3419357
630641
278892
3727650
3312049
5846252
6286587
3528245
8829034
837354
9576550
6697878
7191698
344380
4777241
6039706
9721241
4245191
9981986
7901891
4460929
403773
9553224
3517161
5387184
649844
1354547
3968730
2428943
4695781
1040998
7462527
8640646
3911404
5725219
8474602
3465597
1390384
8057483
5657733
8525104
6723713
7494557
2739203
1165008
5602210
1927120
6674286
2457717
4413567
5297574
6238461
9087641
6185083
9806640
4004611
9439583
505521
6540180
4074464
2327784
440005
4364802
8389626
2618991
3050007
1514557
2965666
7779680
4345453
1226835
8907462
4945587
6744278
525941
7736971
3850049
96741
6948584
8414719
3071567
187154
4751881
7550545
2010216
7367176
4684669
826942
3623921
8306934
5377257
7289092
5481939
5948935
7698521
2530317
9919155
1421480
7540706
7148592
6071475
1024025
9727533
2761586
1554375
7435907
7441894
8684181
4068136
2112935
3219111
4945531
4414711
4870362
3293539
4461959
1908741
8197540
7066033
1916160
6030726
667027
8388696
3246026
5514215
584492
5027687
3107954
9145431
4552927
6095047
2203115
2818282
9105722
1986284
3523729
1470887
997264
4322576
4745250
64141
3131220
7441011
80018
4140513
2405405
805645
2525155
185665
3707189
8619071
1511243
6794033
9235546
9732616
2823398
5892351
345175
4222372
8294582
2881749
6877632
9119371
7461266
5221628
416848
6617230
5316743
5561459
8683334
3804083
6310595
769054
5897761
8884465
4960041
6697784
630763
3008008
7369878
2329743
4413756
9913935
6214307
1189508
7166341
9952372
8806809
3082122
1645784
7719821
5496763
8152326
6145511
907994
5273969
907173
2615655
5907393
2726228
9501595
4852039
512055
8510840
6958533
4689414
9056721
943770
4308205
8973376
1969206
2081153
6179295
5049575
908294
7767690
